0.1
10
2
1.99001
1.96013
1.91067
1.84212
1.75517
1.65067
1.52969
1.39341
1.24322
1.08061
0.907194
0.724717
0.535
0.339937
0.141477
-0.0583964
-0.257686
-0.454401
-0.646576
-0.832291
-1.00969
-1.177
-1.33255
-1.47478
-1.60228
-1.71377
-1.80814
-1.88444
-1.94191
-1.97998
-1.99827
-1.99659
-1.97496
-1.9336
-1.87291
-1.79352
-1.6962
-1.58194
-1.45187
-1.30729
-1.14965
-0.980527
-0.801605
-0.614673
-0.421599
-0.224313
-0.0247851
0.17499
0.373017
0.567316
0.755947
0.937025
1.10874
1.26938
1.41733
1.55113
1.66942
1.77103
1.85495
1.92034
1.96653
1.99308
1.99972
1.98637
1.95318
1.90047
1.82877
1.7388
1.63146
1.50781
1.3691
1.21671
1.05216
0.877105
0.693282
0.502532
0.30676
0.107924
-0.0919911
-0.290987
-0.487075
-0.678297
-0.862741
-1.03856
-1.20401
-1.35743
-1.49728
-1.62218
-1.73086
-1.82225
-1.89544
-1.94968
-1.98445
-1.99938
-1.99434
-1.96938
-1.92473
-1.86086
-1.77839
-1.67815
