0.1
10
0
0.199667
0.397338
0.59104
0.778836
0.95885
1.12928
1.28843
1.43471
1.56665
1.68294
1.78241
1.86408
1.92712
1.9709
1.99499
1.99915
1.98333
1.9477
1.8926
1.8186
1.72642
1.61699
1.49141
1.35093
1.19695
1.03101
0.854764
0.669981
0.478503
0.282245
0.0831665
-0.116743
-0.315486
-0.511077
-0.701561
-0.885035
-1.05967
-1.22371
-1.37553
-1.5136
-1.63655
-1.74315
-1.83233
-1.9032
-1.95506
-1.98738
-1.99985
-1.99233
-1.96491
-1.91785
-1.85163
-1.76691
-1.66454
-1.54553
-1.41109
-1.26254
-1.10138
-0.929213
-0.747762
-0.55884
-0.364335
-0.166189
0.0336173
0.233088
0.430229
0.623072
0.809689
0.988216
1.15687
1.31396
1.45793
1.58733
1.70087
1.79741
1.87599
1.93584
1.97633
1.99708
1.99788
1.97872
1.93978
1.88146
1.80435
1.7092
1.59698
1.4688
1.32595
1.16985
1.00205
0.82425
0.638211
0.445794
0.248924
0.0495664
-0.150286
-0.348638
-0.543505
-0.732943
-0.915057
-1.08803
