0.02
10
1
0.960789
0.923116
0.88692
0.852144
0.818731
0.786628
0.755784
0.726149
0.697676
0.67032
0.644036
0.618783
0.594521
0.571209
0.548812
0.527292
0.506617
0.486752
0.467666
0.449329
0.431711
0.414783
0.398519
0.382893
0.367879
0.353455
0.339596
0.32628
0.313486
0.301194
0.289384
0.278037
0.267135
0.256661
0.246597
0.236928
0.227638
0.218712
0.210136
0.201897
0.19398
0.186374
0.179066
0.172045
0.165299
0.158817
0.15259
0.146607
0.140858
0.135335
0.130029
0.12493
0.120032
0.115325
0.110803
0.106459
0.102284
0.0982736
0.0944202
0.090718
0.0871609
0.0837432
0.0804596
0.0773047
0.0742736
0.0713613
0.0685632
0.0658748
0.0632918
0.0608101
0.0584257
0.0561348
0.0539337
0.0518189
0.0497871
0.0478349
0.0459593
0.0441572
0.0424257
0.0407622
0.0391639
0.0376283
0.0361528
0.0347353
0.0333733
0.0320647
0.0308074
0.0295994
0.0284388
0.0273237
0.0262523
0.025223
0.024234
0.0232837
0.0223708
0.0214936
0.0206508
0.0198411
0.0190631
0.0183156
0.0175975
0.0169075
0.0162445
0.0156076
0.0149956
0.0144076
0.0138427
0.0132999
0.0127784
0.0122773
0.0117959
0.0113334
0.010889
0.0104621
0.0100518
0.0096577
0.00927901
0.00891518
0.00856561
0.00822975
0.00790705
0.00759701
0.00729913
0.00701293
0.00673795
0.00647375
0.00621991
0.00597602
0.0057417
0.00551657
0.00530026
0.00509243
0.00489275
0.00470091
0.00451658
0.00433948
0.00416933
0.00400585
0.00384878
0.00369786
0.00355287
0.00341356
0.00327971
0.00315111
0.00302756
0.00290884
0.00279479
0.0026852
0.00257991
0.00247875
0.00238156
0.00228818
0.00219846
0.00211225
0.00202943
0.00194986
0.0018734
0.00179994
0.00172937
0.00166156
0.00159641
0.00153381
0.00147367
0.00141589
0.00136037
0.00130703
0.00125578
0.00120654
0.00115923
0.00111378
0.0010701
0.00102814
0.00098783
0.000949097
0.000911882
0.000876127
0.000841773
0.000808767
0.000777055
0.000746586
0.000717312
0.000689186
0.000662162
0.000636199
0.000611253
0.000587285
0.000564258
0.000542133
0.000520875
0.000500452
0.000480829
0.000461975
0.000443861
0.000426457
0.000409735
0.000393669
0.000378233
0.000363402
0.000349153
0.000335463
0.000322309
0.000309671
0.000297529
0.000285862
0.000274654
0.000263884
0.000253537
0.000243596
0.000234044
0.000224867
0.00021605
0.000207579
0.000199439
0.000191619
0.000184106
0.000176887
0.000169951
0.000163287
0.000156885
0.000150733
0.000144823
0.000139144
0.000133688
0.000128446
0.00012341
0.000118571
0.000113922
0.000109455
0.000105163
0.000101039
9.70776e-05
9.32711e-05
8.96139e-05
8.61001e-05
8.27241e-05
7.94804e-05
7.6364e-05
7.33697e-05
7.04928e-05
6.77288e-05
6.50731e-05
6.25215e-05
6.007e-05
5.77146e-05
5.54516e-05
5.32773e-05
5.11883e-05
4.91812e-05
4.72527e-05
4.53999e-05
4.36198e-05
4.19094e-05
4.02661e-05
3.86873e-05
3.71703e-05
3.57129e-05
3.43125e-05
3.29671e-05
3.16745e-05
3.04325e-05
2.92392e-05
2.80927e-05
2.69912e-05
2.59329e-05
2.4916e-05
2.3939e-05
2.30004e-05
2.20985e-05
2.1232e-05
2.03995e-05
1.95996e-05
1.88311e-05
1.80927e-05
1.73833e-05
1.67017e-05
1.60468e-05
1.54176e-05
1.48131e-05
1.42323e-05
1.36742e-05
1.3138e-05
1.26229e-05
1.21279e-05
1.16524e-05
1.11955e-05
1.07565e-05
1.03347e-05
9.92951e-06
9.54017e-06
9.16609e-06
8.80668e-06
8.46137e-06
8.12959e-06
7.81083e-06
7.50456e-06
7.2103e-06
6.92758e-06
6.65595e-06
6.39496e-06
6.14421e-06
5.9033e-06
5.67182e-06
5.44943e-06
5.23575e-06
5.03046e-06
4.83321e-06
4.6437e-06
4.46162e-06
4.28667e-06
4.11859e-06
3.9571e-06
3.80194e-06
3.65286e-06
3.50963e-06
3.37202e-06
3.2398e-06
3.11276e-06
2.99071e-06
2.87344e-06
2.76077e-06
2.65252e-06
2.54852e-06
2.44859e-06
2.35258e-06
2.26033e-06
2.1717e-06
2.08655e-06
2.00473e-06
1.92613e-06
1.8506e-06
1.77804e-06
1.70832e-06
1.64134e-06
1.57698e-06
1.51514e-06
1.45573e-06
1.39865e-06
1.34381e-06
1.29112e-06
1.2405e-06
1.19185e-06
1.14512e-06
1.10022e-06
1.05708e-06
1.01563e-06
9.75808e-07
9.37546e-07
9.00785e-07
8.65464e-07
8.31529e-07
7.98924e-07
7.67598e-07
7.375e-07
7.08582e-07
6.80798e-07
6.54104e-07
6.28456e-07
6.03814e-07
5.80138e-07
5.57391e-07
5.35535e-07
5.14536e-07
4.94361e-07
4.74977e-07
4.56353e-07
4.38459e-07
4.21267e-07
4.04749e-07
3.88878e-07
3.7363e-07
3.5898e-07
3.44904e-07
3.3138e-07
3.18387e-07
3.05902e-07
2.93908e-07
2.82384e-07
2.71311e-07
2.60673e-07
2.50452e-07
2.40631e-07
2.31196e-07
2.22131e-07
2.13421e-07
2.05053e-07
1.97012e-07
1.89287e-07
1.81865e-07
1.74734e-07
1.67883e-07
1.613e-07
1.54975e-07
1.48899e-07
1.4306e-07
1.37451e-07
1.32061e-07
1.26883e-07
1.21908e-07
1.17128e-07
1.12535e-07
1.08123e-07
1.03883e-07
9.98098e-08
9.58962e-08
9.2136e-08
8.85233e-08
8.50523e-08
8.17173e-08
7.85132e-08
7.54346e-08
7.24768e-08
6.96349e-08
6.69045e-08
6.42811e-08
6.17606e-08
5.9339e-08
5.70123e-08
5.47768e-08
5.26289e-08
5.05653e-08
4.85826e-08
4.66777e-08
4.48474e-08
4.30889e-08
4.13994e-08
3.97761e-08
3.82165e-08
3.6718e-08
3.52782e-08
3.3895e-08
3.25659e-08
3.1289e-08
3.00621e-08
2.88834e-08
2.77508e-08
2.66627e-08
2.56173e-08
2.46128e-08
2.36477e-08
2.27205e-08
2.18296e-08
2.09736e-08
2.01512e-08
1.93611e-08
1.86019e-08
1.78726e-08
1.71718e-08
1.64984e-08
1.58515e-08
1.523e-08
1.46328e-08
1.4059e-08
1.35078e-08
1.29781e-08
1.24693e-08
1.19803e-08
1.15106e-08
1.10592e-08
1.06256e-08
1.0209e-08
9.80867e-09
9.42406e-09
9.05454e-09
8.69951e-09
8.35839e-09
8.03066e-09
7.71577e-09
7.41323e-09
7.12255e-09
6.84327e-09
6.57495e-09
6.31714e-09
6.06944e-09
5.83145e-09
5.6028e-09
5.38311e-09
5.17204e-09
4.96924e-09
4.77439e-09
4.58718e-09
4.40732e-09
4.2345e-09
4.06847e-09
3.90894e-09
3.75567e-09
3.60841e-09
3.46692e-09
3.33098e-09
3.20037e-09
3.07488e-09
2.95431e-09
2.83847e-09
2.72717e-09
2.62024e-09
2.5175e-09
2.41879e-09
2.32395e-09
2.23282e-09
2.14527e-09
2.06115e-09
