0.02
10
-2
-1.92158
-1.84623
-1.77384
-1.70429
-1.63746
-1.57326
-1.51157
-1.4523
-1.39535
-1.34064
-1.28807
-1.23757
-1.18904
-1.14242
-1.09762
-1.05458
-1.01323
-0.973505
-0.935333
-0.898658
-0.863421
-0.829566
-0.797038
-0.765786
-0.735759
-0.706909
-0.679191
-0.65256
-0.626972
-0.602388
-0.578768
-0.556075
-0.534271
-0.513322
-0.493194
-0.473856
-0.455275
-0.437424
-0.420272
-0.403793
-0.38796
-0.372748
-0.358132
-0.34409
-0.330598
-0.317635
-0.30518
-0.293214
-0.281717
-0.270671
-0.260057
-0.24986
-0.240063
-0.23065
-0.221606
-0.212917
-0.204568
-0.196547
-0.18884
-0.181436
-0.174322
-0.167486
-0.160919
-0.154609
-0.148547
-0.142723
-0.137126
-0.13175
-0.126584
-0.12162
-0.116851
-0.11227
-0.107867
-0.103638
-0.0995741
-0.0956698
-0.0919185
-0.0883143
-0.0848515
-0.0815244
-0.0783278
-0.0752565
-0.0723057
-0.0694705
-0.0667465
-0.0641294
-0.0616148
-0.0591989
-0.0568777
-0.0546474
-0.0525047
-0.050446
-0.0484679
-0.0465675
-0.0447415
-0.0429872
-0.0413017
-0.0396822
-0.0381262
-0.0366313
-0.0351949
-0.0338149
-0.032489
-0.0312151
-0.0299912
-0.0288152
-0.0276853
-0.0265998
-0.0255568
-0.0245547
-0.0235919
-0.0226668
-0.021778
-0.0209241
-0.0201037
-0.0193154
-0.018558
-0.0178304
-0.0171312
-0.0164595
-0.0158141
-0.015194
-0.0145983
-0.0140259
-0.0134759
-0.0129475
-0.0124398
-0.011952
-0.0114834
-0.0110331
-0.0106005
-0.0101849
-0.00978551
-0.00940181
-0.00903316
-0.00867897
-0.00833866
-0.0080117
-0.00769755
-0.00739573
-0.00710574
-0.00682712
-0.00655942
-0.00630222
-0.00605511
-0.00581769
-0.00558957
-0.0053704
-0.00515982
-0.00495751
-0.00476312
-0.00457635
-0.00439691
-0.00422451
-0.00405886
-0.00389971
-0.0037468
-0.00359989
-0.00345873
-0.00332312
-0.00319281
-0.00306762
-0.00294734
-0.00283177
-0.00272074
-0.00261405
-0.00251156
-0.00241308
-0.00231846
-0.00222755
-0.00214021
-0.00205629
-0.00197566
-0.00189819
-0.00182376
-0.00175225
-0.00168355
-0.00161753
-0.00155411
-0.00149317
-0.00143462
-0.00137837
-0.00132432
-0.0012724
-0.00122251
-0.00117457
-0.00112852
-0.00108427
-0.00104175
-0.0010009
-0.000961657
-0.00092395
-0.000887721
-0.000852913
-0.00081947
-0.000787338
-0.000756466
-0.000726805
-0.000698306
-0.000670925
-0.000644618
-0.000619342
-0.000595057
-0.000571725
-0.000549307
-0.000527769
-0.000507074
-0.000487192
-0.000468089
-0.000449735
-0.0004321
-0.000415157
-0.000398879
-0.000383239
-0.000368212
-0.000353774
-0.000339902
-0.000326574
-0.000313769
-0.000301466
-0.000289646
-0.000278288
-0.000267377
-0.000256893
-0.00024682
-0.000237142
-0.000227843
-0.000218909
-0.000210326
-0.000202079
-0.000194155
-0.000186542
-0.000179228
-0.0001722
-0.000165448
-0.000158961
-0.000152728
-0.000146739
-0.000140986
-0.000135458
-0.000130146
-0.000125043
-0.00012014
-0.000115429
-0.000110903
-0.000106555
-0.000102377
-9.83623e-05
-9.45055e-05
-9.07999e-05
-8.72396e-05
-8.38189e-05
-8.05323e-05
-7.73746e-05
-7.43407e-05
-7.14257e-05
-6.86251e-05
-6.59342e-05
-6.33489e-05
-6.0865e-05
-5.84784e-05
-5.61855e-05
-5.39824e-05
-5.18657e-05
-4.9832e-05
-4.78781e-05
-4.60008e-05
-4.4197e-05
-4.24641e-05
-4.0799e-05
-3.91993e-05
-3.76622e-05
-3.61855e-05
-3.47666e-05
-3.34034e-05
-3.20936e-05
-3.08352e-05
-2.96262e-05
-2.84645e-05
-2.73484e-05
-2.62761e-05
-2.52458e-05
-2.42559e-05
-2.33048e-05
-2.2391e-05
-2.1513e-05
-2.06695e-05
-1.9859e-05
-1.90803e-05
-1.83322e-05
-1.76134e-05
-1.69227e-05
-1.62592e-05
-1.56217e-05
-1.50091e-05
-1.44206e-05
-1.38552e-05
-1.33119e-05
-1.27899e-05
-1.22884e-05
-1.18066e-05
-1.13436e-05
-1.08989e-05
-1.04715e-05
-1.00609e-05
-9.66642e-06
-9.28739e-06
-8.92323e-06
-8.57335e-06
-8.23718e-06
-7.9142e-06
-7.60388e-06
-7.30572e-06
-7.01926e-06
-6.74403e-06
-6.4796e-06
-6.22553e-06
-5.98142e-06
-5.74689e-06
-5.52155e-06
-5.30504e-06
-5.09703e-06
-4.89717e-06
-4.70515e-06
-4.52066e-06
-4.3434e-06
-4.1731e-06
-4.00947e-06
-3.85225e-06
-3.7012e-06
-3.55608e-06
-3.41664e-06
-3.28267e-06
-3.15396e-06
-3.03029e-06
-2.91147e-06
-2.79731e-06
-2.68763e-06
-2.58224e-06
-2.48099e-06
-2.38371e-06
-2.29024e-06
-2.20044e-06
-2.11416e-06
-2.03126e-06
-1.95162e-06
-1.87509e-06
-1.80157e-06
-1.73093e-06
-1.66306e-06
-1.59785e-06
-1.5352e-06
-1.475e-06
-1.41716e-06
-1.3616e-06
-1.30821e-06
-1.25691e-06
-1.20763e-06
-1.16028e-06
-1.11478e-06
-1.07107e-06
-1.02907e-06
-9.88722e-07
-9.49954e-07
-9.12706e-07
-8.76918e-07
-8.42533e-07
-8.09497e-07
-7.77756e-07
-7.4726e-07
-7.1796e-07
-6.89808e-07
-6.6276e-07
-6.36773e-07
-6.11805e-07
-5.87816e-07
-5.64767e-07
-5.42622e-07
-5.21346e-07
-5.00903e-07
-4.81263e-07
-4.62392e-07
-4.44262e-07
-4.26842e-07
-4.10105e-07
-3.94025e-07
-3.78575e-07
-3.63731e-07
-3.49468e-07
-3.35766e-07
-3.226e-07
-3.09951e-07
-2.97797e-07
-2.86121e-07
-2.74902e-07
-2.64123e-07
-2.53766e-07
-2.43816e-07
-2.34256e-07
-2.2507e-07
-2.16245e-07
-2.07766e-07
-1.9962e-07
-1.91792e-07
-1.84272e-07
-1.77047e-07
-1.70105e-07
-1.63435e-07
-1.57026e-07
-1.50869e-07
-1.44954e-07
-1.3927e-07
-1.33809e-07
-1.28562e-07
-1.23521e-07
-1.18678e-07
-1.14025e-07
-1.09554e-07
-1.05258e-07
-1.01131e-07
-9.71653e-08
-9.33554e-08
-8.96949e-08
-8.61779e-08
-8.27988e-08
-7.95522e-08
-7.64329e-08
-7.34359e-08
-7.05565e-08
-6.77899e-08
-6.51318e-08
-6.2578e-08
-6.01243e-08
-5.77668e-08
-5.55017e-08
-5.33254e-08
-5.12345e-08
-4.92256e-08
-4.72954e-08
-4.54409e-08
-4.36592e-08
-4.19473e-08
-4.03025e-08
-3.87222e-08
-3.72039e-08
-3.57451e-08
-3.43435e-08
-3.29969e-08
-3.17031e-08
-3.046e-08
-2.92656e-08
-2.81181e-08
-2.70156e-08
-2.59563e-08
-2.49385e-08
-2.39607e-08
-2.30212e-08
-2.21185e-08
-2.12512e-08
-2.04179e-08
-1.96173e-08
-1.88481e-08
-1.81091e-08
-1.7399e-08
-1.67168e-08
-1.60613e-08
-1.54315e-08
-1.48265e-08
-1.42451e-08
-1.36865e-08
-1.31499e-08
-1.26343e-08
-1.21389e-08
-1.16629e-08
-1.12056e-08
-1.07662e-08
-1.03441e-08
-9.93847e-09
-9.54878e-09
-9.17437e-09
-8.81464e-09
-8.46901e-09
-8.13693e-09
-7.81788e-09
-7.51134e-09
-7.21681e-09
-6.93384e-09
-6.66196e-09
-6.40074e-09
-6.14976e-09
-5.90863e-09
-5.67695e-09
-5.45435e-09
-5.24048e-09
-5.035e-09
-4.83757e-09
-4.64789e-09
-4.46564e-09
-4.29054e-09
-4.12231e-09
