0.1
10
0
0.199501
0.397012
0.590563
0.778224
0.958121
1.12846
1.28754
1.43378
1.56572
1.68204
1.78158
1.86335
1.92654
1.9705
1.99481
1.99922
1.98369
1.94837
1.89362
1.81998
1.72818
1.61914
1.49396
1.35387
1.20027
1.03471
0.85882
0.674365
0.483183
0.287182
0.0883155
-0.111432
-0.310067
-0.50561
-0.696109
-0.879664
-1.05445
-1.21871
-1.37081
-1.50925
-1.63262
-1.73971
-1.82945
-1.90094
-1.95347
-1.98651
-1.99973
-1.99301
-1.96641
-1.92019
-1.85482
-1.77095
-1.66941
-1.55122
-1.41755
-1.26975
-1.10928
-0.937741
-0.756851
-0.568411
-0.374302
-0.176459
0.0231446
0.222517
0.41967
0.612636
0.799492
0.978373
1.14749
1.30517
1.44982
1.58002
1.69445
1.79198
1.87164
1.93262
1.97433
1.99634
1.99844
1.98061
1.94302
1.88605
1.81026
1.71642
1.60545
1.47847
1.33674
1.18168
1.01483
0.83786
0.652531
0.460692
0.264258
0.0651876
-0.134533
-0.332911
-0.527969
-0.71776
-0.900391
-1.07404
