0.1
10
2
1.99002
1.9602
1.91082
1.84238
1.75556
1.65123
1.53043
1.39437
1.24439
1.082
0.908823
0.726576
0.537082
0.34223
0.143964
-0.0557375
-0.254883
-0.451487
-0.643586
-0.829266
-1.00667
-1.17404
-1.3297
-1.47209
-1.59979
-1.71154
-1.80622
-1.88288
-1.94076
-1.97927
-1.99805
-1.99689
-1.97582
-1.93503
-1.87495
-1.79616
-1.69945
-1.5858
-1.45632
-1.31232
-1.15522
-0.986608
-0.808149
-0.62163
-0.428909
-0.23191
-0.0325981
0.167039
0.36501
0.55934
0.748091
0.929379
1.1014
1.26243
1.41087
1.54523
1.66418
1.76653
1.85126
1.91753
1.96466
1.9922
1.99987
1.98758
1.95547
1.90386
1.83325
1.74436
1.63807
1.51543
1.37768
1.22619
1.06247
0.888145
0.704965
0.514752
0.319404
0.12087
-0.0788693
-0.277822
-0.474003
-0.665457
-0.850272
-1.02661
-1.1927
-1.34689
-1.48766
-1.61358
-1.7234
-1.81604
-1.89056
-1.94622
-1.98247
-1.99894
-1.99547
-1.9721
-1.92905
-1.86677
-1.78586
-1.68714
