0.1
10
-2
-1.63636
-1.33884
-1.09542
-0.89625
-0.733296
-0.599969
-0.490884
-0.401632
-0.328608
-0.268861
-0.219977
-0.179982
-0.147258
-0.120483
-0.0985774
-0.0806542
-0.0659898
-0.0539917
-0.044175
-0.0361432
-0.0295717
-0.024195
-0.0197959
-0.0161967
-0.0132518
-0.0108424
-0.00887105
-0.00725814
-0.00593847
-0.00485875
-0.00397534
-0.00325255
-0.00266118
-0.00217733
-0.00178145
-0.00145755
-0.00119254
-0.000975716
-0.000798313
-0.000653165
-0.000534408
-0.000437243
-0.000357744
-0.0002927
-0.000239482
-0.000195939
-0.000160314
-0.000131166
-0.000107318
-8.78054e-05
-7.18408e-05
-5.87788e-05
-4.80918e-05
-3.93478e-05
-3.21937e-05
-2.63403e-05
-2.15511e-05
-1.76327e-05
-1.44268e-05
-1.18037e-05
-9.6576e-06
-7.90167e-06
-6.46501e-06
-5.28955e-06
-4.32781e-06
-3.54094e-06
-2.89713e-06
-2.37038e-06
-1.9394e-06
-1.58678e-06
-1.29828e-06
-1.06223e-06
-8.69095e-07
-7.11078e-07
-5.81791e-07
-4.76011e-07
-3.89463e-07
-3.18652e-07
-2.60715e-07
-2.13312e-07
-1.74528e-07
-1.42796e-07
-1.16833e-07
-9.55906e-08
-7.82105e-08
-6.39904e-08
-5.23558e-08
-4.28366e-08
-3.50481e-08
-2.86757e-08
-2.34619e-08
-1.91961e-08
-1.57059e-08
-1.28503e-08
-1.05139e-08
-8.60227e-09
-7.03822e-09
-5.75855e-09
-4.71154e-09
-3.85489e-09
