0.1
10
1
0.818182
0.669421
0.547708
0.448125
0.366648
0.299985
0.245442
0.200816
0.164304
0.134431
0.109989
0.0899908
0.0736288
0.0602417
0.0492887
0.0403271
0.0329949
0.0269958
0.0220875
0.0180716
0.0147859
0.0120975
0.00989797
0.00809834
0.00662591
0.0054212
0.00443553
0.00362907
0.00296924
0.00242938
0.00198767
0.00162628
0.00133059
0.00108866
0.000890725
0.000728775
0.000596271
0.000487858
0.000399156
0.000326583
0.000267204
0.000218621
0.000178872
0.00014635
0.000119741
9.79697e-05
8.01571e-05
6.5583e-05
5.36589e-05
4.39027e-05
3.59204e-05
2.93894e-05
2.40459e-05
1.96739e-05
1.60968e-05
1.31701e-05
1.07756e-05
8.81637e-06
7.21339e-06
5.90187e-06
4.8288e-06
3.95084e-06
3.2325e-06
2.64478e-06
2.16391e-06
1.77047e-06
1.44857e-06
1.18519e-06
9.69701e-07
7.93392e-07
6.49139e-07
5.31114e-07
4.34547e-07
3.55539e-07
2.90895e-07
2.38005e-07
1.94732e-07
1.59326e-07
1.30358e-07
1.06656e-07
8.72641e-08
7.13979e-08
5.84165e-08
4.77953e-08
3.91052e-08
3.19952e-08
2.61779e-08
2.14183e-08
1.7524e-08
1.43379e-08
1.1731e-08
9.59807e-09
7.85296e-09
6.42515e-09
5.25694e-09
4.30114e-09
3.51911e-09
2.87927e-09
2.35577e-09
1.92745e-09
